iter,e,e_std,e_err95,e_var,e_var_std,e_var_err95
0,-444.6452694099406,0.4439684370485501,0.8701621468876964,124.80495238996731,6.789279234475993,13.306742780558615
1,-445.4111167286467,0.3983924257787103,0.7808348062398188,97.93098717566058,5.437819113307689,10.657929616526602
2,-445.29924449319174,0.29979213331900184,0.5875817841536739,57.59313599211446,3.2606961564771657,6.390847031223426
3,-445.7725072533428,0.2053299105500132,0.40243922962685674,28.296911708078937,1.8212370041537869,3.5695589354530473
4,-445.9862906906409,0.09160668355266001,0.17954580050637134,7.0527841360689045,0.3072923685348708,0.6022819750523561
5,-445.99454640043996,0.07784066816257079,0.15256490613117238,4.708999769159535,0.25688656262154796,0.5034884108505273
6,-445.90084057534375,0.1501294340434749,0.2942482837445923,15.570556944399698,0.8530013954760971,1.6718520138955577
7,-446.0631889722458,0.22261686718007107,0.43632104202407607,31.58600513630978,2.131625795492614,4.177909787682066
8,-445.60946189358253,0.24746592700685927,0.4850243043342621,40.41957596385283,2.3163654779027154,4.5399929117212325
9,-445.9093735746297,0.26625944404270446,0.5218589208673586,37.77818079822792,2.1758890888776308,4.264664248553829
10,-446.19532081678767,0.2111735454006714,0.4138925434729499,28.21489020397682,1.4089257775600676,2.761443780907824
11,-446.20628547539445,0.1628372019102573,0.3191550510873812,17.82616322432814,0.9781363033084652,1.9171119264557384
12,-446.2879042318626,0.11061375612180585,0.21679897819343638,9.949777564664165,0.45437934058803825,0.8905671428716138
13,-446.2610649921849,0.0855315916193129,0.1676388391142412,6.5224393840036905,0.31563004128135,0.6186235133503365
14,-446.4211244173917,0.09570648258410762,0.18758125895186087,7.471811017112989,0.3555368851811295,0.6968394901305663
15,-446.4831197494607,0.13717489234921065,0.2688578485876119,12.393939617110181,0.7103927059643176,1.392344118570015
16,-446.3218119664065,0.1587064391600954,0.3110589048683843,14.968608030561828,0.8928872401105847,1.7500268328721136
17,-446.265258902395,0.16521475665431717,0.3238149727570109,16.62616892518341,0.9657544741348782,1.8928439872127805
18,-446.4392234806123,0.15242617783860216,0.29874981886475754,13.276903211797723,0.8329136159417677,1.6324806894788912
19,-446.61391288004734,0.1273582322381537,0.24961754832146932,9.57148823427525,0.6805339275332752,1.3338219882228106
20,-446.6370328034501,0.09469247129305672,0.18559383334148413,4.961009268387062,0.36654599539829213,0.7184169496580369
21,-446.71103786841843,0.05700171055205337,0.11172129973920138,2.0758080096066083,0.10330715619295114,0.20247830548343823
22,-446.80546141813,0.04948200548466822,0.09698294863276313,1.9922868410597283,0.10298154294336272,0.20184011524135587
23,-446.81459120934875,0.07866003342484847,0.15417083253541983,4.333388328336471,0.3239847152336481,0.6349983733994157
24,-446.7011775806531,0.10360954442986203,0.20307097553713216,6.727319564156588,0.43437495038237955,0.8513592585358369
25,-446.8005460397652,0.11819775675169403,0.2316633462867463,8.79289935493075,0.5003332572544403,0.9806351644863168
26,-447.1055192302795,0.11799041133651376,0.23125695674063348,8.781409254340907,0.5455400249286917,1.069238800985319
27,-446.92367715645975,0.10523608816588459,0.2062589426790156,6.900227622846957,0.421182028280817,0.8255016063659318
28,-447.1306949646454,0.08790167518348334,0.1722841175403656,4.269448776386808,0.23324941541487812,0.4571604536281828
29,-447.16294962810116,0.058441751780602014,0.11454372868340952,2.0358298366329532,0.12426048151768687,0.2435460684762713
30,-447.15230936449063,0.03635543625640882,0.07125534570480298,0.7703281511238289,0.04323895326370191,0.08474679112606637
31,-447.1628698577822,0.03193984105419516,0.06260093813815634,0.6510987501155618,0.05010418614374203,0.09820240031642519
32,-447.147773866542,0.04529315784217757,0.08877295811675595,1.3813843874108527,0.08777954184847801,0.17204474060244337
33,-447.1126755604774,0.061809099930678305,0.12114360978096662,2.2962221658158226,0.10883350545599527,0.2133097510049942
34,-447.18691500690784,0.06483916332598613,0.12708242490664312,2.6329695519631167,0.15461355660249715,0.3030370024625395
35,-447.2883843813611,0.06856777008313279,0.13439035986316325,3.0659761755813975,0.19978041734781493,0.3915624228180983
36,-447.25518017099273,0.059579828896166004,0.11677431884154417,2.3397471307772513,0.1298758534177522,0.2545519951601976
37,-447.26982097762,0.04937958736679824,0.0967822128103736,1.5170647272014581,0.09015816766896508,0.17670676154329507
38,-447.3596247535439,0.039630469640567115,0.07767429318591956,0.9200739120247763,0.05777359748838024,0.113234170334539
39,-447.3343045124674,0.02860689233128407,0.056068478678931846,0.5824868444866999,0.032786648223273575,0.06426064969140036
40,-447.3542192166992,0.02744807228057078,0.053797233114970915,0.531510692264973,0.032632181145747105,0.06395789978265132
41,-447.4417559995447,0.036142892807611134,0.07083876820000957,0.8217118541952804,0.06226333064581652,0.1220338856233094
42,-447.4937915083175,0.04237807010534747,0.08305949114079458,1.1149165894090085,0.09952114490034843,0.195057859704875
43,-447.4523690684368,0.043496675521771194,0.08525191746989651,1.109210004980381,0.0756451218689516,0.14826171446928835
44,-447.4086075971612,0.0387194143479076,0.07588865762438232,0.8714691457996733,0.053577628199381576,0.10501022164786547
45,-447.4854346852586,0.03413129362134603,0.0668961062435999,0.7265155148435352,0.043755771278577056,0.08575973582178315
46,-447.4633998039452,0.029305870495192114,0.05743845070617154,0.5450924425555458,0.03078846523473821,0.06034428299935043
47,-447.4658076536412,0.023659395554436396,0.0463715631826824,0.3925188694479842,0.02301045556428947,0.04509966417386664
48,-447.43300484203576,0.019973302938966094,0.03914695441268156,0.30584788357076303,0.015168194293360285,0.029729114525492133
49,-447.52816906845135,0.020045242008837737,0.03928795239871129,0.3284012401772666,0.017736270903806958,0.03476245219150731
50,-447.45845215946144,0.023588986383894436,0.04623356374423882,0.40323360860635726,0.02082705782357799,0.04082028323814602
51,-447.44901545568507,0.02601126917411973,0.05098115077345158,0.3771585159790093,0.02086538595237731,0.040895404990187505
52,-447.50170897596615,0.027542165861201343,0.05398165314418323,0.46700383155991093,0.03128461859731983,0.06131672572081886
53,-447.46680632469986,0.022624970733852494,0.04434412778962364,0.31932351280629556,0.019864539326405535,0.038933781649234396
54,-447.4922474401038,0.0214127729161963,0.041968263724879454,0.26174776016632634,0.015953932330369233,0.03126913277931287
55,-447.48049954582905,0.017422323267241024,0.03414712613080661,0.18357050637387112,0.015495173713486503,0.030369982412625313
56,-447.48864208179793,0.016437561451182164,0.03221702843798099,0.14908667608385032,0.009122562297825912,0.017879893550461746
57,-447.5109789694665,0.014709633469925125,0.02883035182683819,0.1422884961041932,0.008643897507516991,0.016941727800788845
58,-447.4957443168714,0.013746076538995686,0.02694181494516254,0.14972500083808093,0.00878263961806768,0.01721365734060727
59,-447.526631110092,0.017948878057700037,0.03517915455599331,0.20038308503362168,0.01356201214023845,0.026581055352762336
60,-447.4979190649072,0.01947399158044772,0.03816832213291378,0.21360555033280107,0.014329971043576608,0.028086227144912004
61,-447.51955546751924,0.02160271333810281,0.042340540111024554,0.2426598862629652,0.020278099032067592,0.039744343777789015
62,-447.50532028014857,0.01776792506392194,0.034824493205293544,0.18185479339012312,0.015248586423797157,0.02988668020578885
63,-447.48940350585013,0.014600029865020183,0.028615532708648746,0.13056321354828795,0.008215971877463278,0.016103008977821954
64,-447.4825708424486,0.013985296936914542,0.027410678309450837,0.11061742468429281,0.006292507511506672,0.012333088095000838
65,-447.5092352930676,0.012257861919780238,0.024024967890234273,0.08586808089182008,0.004973991900134199,0.009748844983656978
66,-447.48234552356064,0.012634964709300044,0.02476407577616268,0.09219952897217792,0.0056807771453744795,0.01113411860913224
67,-447.4779961914177,0.01231358051079567,0.024134174321893836,0.09135204249037904,0.004850572786418808,0.00950694796577096
68,-447.47103666897647,0.012450907823091701,0.02440333090808774,0.08892696754775228,0.00474657108030099,0.009303108367449317
69,-447.44781515940963,0.01262828356954532,0.02475098098286774,0.09720153723390101,0.005409215667682906,0.010601867893268276
70,-447.45479387537443,0.01176455205250357,0.023058098317153768,0.08803601675777831,0.0053329545784161995,0.010452398904883739
71,-447.4532071254756,0.011842702659474031,0.023211270692185818,0.08745703725407303,0.005069963407709722,0.009936945682047017
72,-447.45341840262444,0.012759934415056292,0.025009011898603495,0.08556490972235467,0.005645063599986334,0.011064121346411236
73,-447.44799948040304,0.010318083213723078,0.02022307148838453,0.06274595882796288,0.004263555502108938,0.008356415230221105
74,-447.4352680554296,0.010466729829046156,0.02051441350084154,0.06263557671113647,0.0047256727399296915,0.009262148372984913
75,-447.44632110593636,0.011165802290694976,0.021884570348256988,0.07267966022932913,0.005430049492183366,0.010642701438949407
76,-447.4497199522232,0.010230573972195685,0.020051556526676423,0.06312302501995935,0.0038632586059775074,0.00757184773068033
77,-447.44264263699097,0.010743559317938916,0.021056989328929982,0.06342166489376477,0.0043190901948521356,0.00846526122789027
78,-447.4324313295831,0.010516470046208166,0.020611902535062284,0.06174906805419875,0.005200575250442021,0.010192940189756734
79,-447.4307429845485,0.00991657558342908,0.01943613099349027,0.052529460140486095,0.0034619654524183307,0.006785327602461842
80,-447.4259084362607,0.00970658455916937,0.01902455614886456,0.05640234085854377,0.006460734146897993,0.012662806241608177
81,-447.4210246637416,0.010249047302438233,0.020087763588626333,0.05607030523087522,0.003485602658539879,0.006831655675155227
82,-447.4482322536001,0.009948741021979748,0.019499174094596516,0.06013218215324033,0.00720313202643786,0.014117879347705222
83,-447.4333879588888,0.009267633473428493,0.01816422782983769,0.049167440358262184,0.0025590615468534745,0.00501566846605417
84,-447.41159021463045,0.009785209565257753,0.019178658329082037,0.05058389868294552,0.002856131368775091,0.005597914617914266
85,-447.41918888662497,0.008677086940533001,0.01700677789416753,0.04839832191153813,0.002648728505927402,0.005191412476442295
86,-447.40266242136295,0.009204938148923649,0.018041347251809146,0.051309974020289126,0.0036878259453846716,0.007228006034206333
87,-447.4220610287184,0.009952783596496217,0.019507097395053616,0.05603791136676766,0.003937263616140317,0.007716894885274957
88,-447.4129443096023,0.008752470721483453,0.01715452738984887,0.04722570728928476,0.0030729437360400695,0.006022859049156495
89,-447.4071235103486,0.0094752522183896,0.018571153092476866,0.048204678000087126,0.003236533732918298,0.006343489551268842
90,-447.3946312114796,0.009030766453276997,0.017699977001215433,0.04546113650700107,0.0028101663319540287,0.005507824801196926
91,-447.40142180474015,0.008827084711045636,0.017300768122133596,0.049055272052479525,0.0032268764131390703,0.00632456155231437
92,-447.40074200280844,0.008549551712766612,0.016756813440985292,0.043199495253838746,0.00253611263235474,0.004970689420152361
93,-447.4037130969639,0.010725236771796702,0.02102107779838617,0.059912444861142465,0.0045914018316070395,0.008998982228501035
94,-447.3743090366279,0.00939318192425856,0.01841029827177942,0.047536535447395625,0.003350316676715374,0.006566500023166057
95,-447.3980051172006,0.009690860643250249,0.018993737839967148,0.04973816970052039,0.0034045368765986293,0.006672769662171799
96,-447.412052023058,0.009450533565003237,0.018522705422093267,0.04836100177747721,0.0038119172477974863,0.007471220517730118
97,-447.41017589448484,0.009501681716617643,0.018622953957133297,0.047846871502544124,0.002961324793635295,0.005804089942050686
98,-447.397719597422,0.009099282526408552,0.017834266036915396,0.04898825215336916,0.003189534903125637,0.006251373537559699
99,-447.38668456638214,0.008612451610535025,0.016880094975242635,0.04397319468136041,0.002572517378173974,0.005042041410824396
100,-447.3877351121001,0.008656476982176942,0.01696638311806678,0.04235701087424182,0.0028677923347274446,0.005620769691205826
101,-447.38263957442865,0.009750913195490837,0.019111438679538413,0.04883921105940615,0.00321593753484533,0.006303121744827372
102,-447.3820361354699,0.008927148219154342,0.01749688899419339,0.041301694156546526,0.0029339606108763805,0.005750457129376842
103,-447.384414697391,0.009205474323500447,0.018042398134669093,0.0450179568730109,0.002785160602105285,0.005458814471286251
104,-447.3771279006826,0.009047520105561768,0.017732813556303094,0.04431558313945098,0.0028563511039812564,0.0055983452910044855
105,-447.40556173625316,0.008509412846693225,0.016678142709101177,0.04179631558830635,0.002394216316490252,0.004692577751519046
106,-447.3866590041539,0.00938481951510433,0.01839390825101314,0.047890828610953264,0.004062762964487839,0.007962869088119346
107,-447.3768142547989,0.008861839868510286,0.01736888697904133,0.0419863582238027,0.00249624536039351,0.004892551002946487
108,-447.36921643818187,0.009285777691270581,0.018199789843335833,0.042052028730162144,0.0029114732208654964,0.005706382654849203
109,-447.39372947308107,0.009164776845341746,0.017962632543216436,0.03991898100637649,0.00281990416859392,0.0055269106102984475
110,-447.3787853377375,0.00839250847184119,0.016449014344756017,0.04339695250376263,0.0031504741173880436,0.00617481580430618
111,-447.38487331681074,0.00876823139027484,0.017185417733052252,0.04555308504707005,0.0028930901500181885,0.005670352498063231
112,-447.3933929750712,0.008847442349827395,0.01734066836095612,0.04371921380889162,0.0030666206264369916,0.006010465982064163
113,-447.4024127535665,0.009038361892756417,0.017714863789041854,0.039599123055492166,0.0023814242308237282,0.004667505724325508
114,-447.39604057419956,0.008777435541028533,0.017203457537037767,0.038551783531308795,0.0030037766577918545,0.00588729406687413
115,-447.40235006530645,0.008718616987908955,0.01708817529130064,0.03709584992709944,0.002291179866927722,0.004490630021281608
116,-447.38748286179316,0.008551560056603388,0.016760749722573947,0.0403452090966066,0.002384825713364444,0.004674172507599352
117,-447.37635250094206,0.008366734772942102,0.016398498823165426,0.037080277863989805,0.0019644944958247157,0.0038503384596436144
118,-447.40051634328364,0.008645819950288505,0.01694549571938335,0.04093466413349218,0.0030956658919613932,0.006067393656413393
119,-447.397896855391,0.009244486192349176,0.018118859992582205,0.04209378621321171,0.0027081667317707977,0.0053079092584003085
120,-447.3869281277688,0.00908296565967979,0.01780228556578648,0.04278739670290149,0.0028684873964621,0.0056221319871727835
121,-447.40126526598243,0.008584884199602148,0.016826063842667178,0.038189127579230916,0.002671170227442314,0.005235397442362601
122,-447.392647711603,0.009445940708805119,0.018513703589358783,0.046920734999284903,0.0035203612546429387,0.006899781271670398
123,-447.3974605755377,0.008448685445856648,0.01655911919058676,0.03996273234453994,0.002654369186836865,0.005202468007873126
124,-447.39909302804483,0.008798541068798849,0.017244823611342296,0.03991183305811534,0.0027114799166347257,0.0053144029814077304
125,-447.40265582109157,0.009607492639489732,0.018830339555133538,0.04534507833825069,0.0027740602736698225,0.005437058227336178
126,-447.4114184230613,0.008914198219974408,0.0174715074622009,0.04249718033676725,0.002899493004581248,0.005682901862405076
127,-447.4049729366075,0.009154011842496161,0.017941533525345617,0.04092433440336707,0.002940763806086502,0.0057637911469684755
128,-447.41331769539045,0.008591378644424922,0.0168387927206194,0.04278563609919606,0.0029808360388751455,0.005842331280014322
129,-447.4020237964069,0.00838624299766308,0.016436734241020858,0.04209419966231698,0.0026405629287608342,0.0051754082392828395
130,-447.402441281272,0.009331052122709738,0.018288526098377108,0.04698874240223089,0.003515996428135028,0.006891226368916127
131,-447.41473785128824,0.008045855209402207,0.0157695864352523,0.04052754815661706,0.0030538528300132145,0.00598544156091162
132,-447.41506340596584,0.008638415436399172,0.01693098313883723,0.043082646380018796,0.002596497573193286,0.005089041729404493
133,-447.4146713010641,0.009060363426697724,0.01775798600317145,0.045060218245433666,0.0030342632202335494,0.005947046631272283
134,-447.41068702824236,0.009344904295680927,0.018315675858508258,0.04676351300753871,0.0032304107911464014,0.0063314888059164895
135,-447.41524811446334,0.0096341924536466,0.01888267022927491,0.04755356155860255,0.00444434405642932,0.008710754285506116
136,-447.4332476553641,0.009500404431623661,0.018620450524547097,0.04384498307501837,0.0029847271169600796,0.005849957652921825
137,-447.42404678609034,0.0086159188682371,0.016886890675463822,0.04090849108468801,0.0027885235589754148,0.0054654057456332665
138,-447.43159439571036,0.008718949463906002,0.017088826932280577,0.04661106316295588,0.005244465702833655,0.010278963895709505
139,-447.4156047970025,0.00885432058761734,0.017354149459301516,0.03811007753958293,0.002703625616508887,0.005299008836037318
140,-447.4184949087046,0.008948164795435328,0.017538080726782465,0.04314676484548957,0.003652132517421728,0.007158048200914188
141,-447.40943895733415,0.008325636113958094,0.016317946931743876,0.04488056028730396,0.0029839281161176006,0.00584839164004695
142,-447.4126037297917,0.00911989147082185,0.017874658825724848,0.047679514679447414,0.003271733244957523,0.006412479327139108
143,-447.4050149515387,0.00791221054853092,0.015507647713218508,0.04127076757922413,0.002386812171162091,0.004678065893339549
144,-447.42781162968026,0.00840683841021601,0.016477100507871344,0.04069205249707697,0.0026611872171468116,0.005215831101726123
145,-447.41845781355266,0.008321277867563391,0.01630940492577451,0.03966659142338714,0.0027050260142644565,0.005301753565202265
146,-447.4213043376333,0.008473552272604165,0.01660785727542169,0.03776027986404974,0.0025709477641805982,0.005038965023927749
147,-447.423395623851,0.008690662599657952,0.017033385697118823,0.04059206320684959,0.003118179327099029,0.006111519178451437
148,-447.4042187801758,0.008866354552160172,0.017377735596396698,0.04171580320948762,0.0024800003112051827,0.004860711291610284
149,-447.4080588381124,0.008465357406745701,0.016591795633480965,0.03957802906713909,0.002669780142286129,0.005232672925521034
150,-447.397985551412,0.008600114251619906,0.016855914196104656,0.039491129021221594,0.0024341658409066944,0.004770877380574776
151,-447.41115417777473,0.00861670257406331,0.016888426710657663,0.03863655814530026,0.0021145824922529357,0.0041445055271547016
152,-447.4186427487422,0.008888112660131006,0.017420380704391263,0.0395605774895484,0.002713892735606078,0.005319132019692796
153,-447.41492948651387,0.008318861595202122,0.01630466911896958,0.03948426043185661,0.0026345074851467786,0.005163539787888877
154,-447.4197020694779,0.00974308123763803,0.019096088324218476,0.045311572163178965,0.003726103363132277,0.007303028394412834
155,-447.41465814862994,0.008793756548322052,0.017235446123524484,0.04364114233194866,0.0028287524528837144,0.005544252928831417
156,-447.4206565700276,0.009053044207881092,0.017743640597895884,0.044484262214178366,0.004359305964863195,0.008544082688722494
157,-447.41824374310966,0.008083085548758619,0.01584255655952307,0.03608414113024261,0.0024812340617299407,0.004863129398204717
158,-447.41740770205143,0.00849939756272154,0.016658513113221734,0.03969562080277089,0.0037380625980291825,0.007326468064093423
159,-447.40129557207877,0.007874516390520522,0.015433768521090567,0.03636695867578957,0.0022874649067444307,0.004483348833118358
160,-447.39251396884345,0.00829193556044815,0.01625189506060532,0.043877982713313016,0.0029920455620566382,0.005864301541733914
161,-447.4235239977281,0.008734201650330634,0.017118720668358345,0.04384698566858802,0.003929793470957351,0.007702253669757059
162,-447.42036534453166,0.008736548728132947,0.01712332085631979,0.042733230761640706,0.0026745931249647177,0.005242106198229283
163,-447.426709590478,0.009200281766970277,0.018032220910882274,0.04063936346044038,0.0035158244313983756,0.00689088926150683
164,-447.4164720774698,0.008890970574791051,0.017425982114195843,0.04157174954754412,0.00291561443757813,0.005714499290458141
165,-447.4046581210506,0.009336454002272543,0.018299113587769027,0.043938240484308735,0.00274488717686476,0.005379880008280755
166,-447.40952401705187,0.008736464475944712,0.01712315572506523,0.04015157981646237,0.0028678209310327163,0.00562082573893425
167,-447.40312753658657,0.009012672759704585,0.017664514013466203,0.04265596510571784,0.0032618784287038608,0.0063931642422076695
168,-447.42724756432744,0.008357518565051507,0.016380435387625826,0.038552060138525454,0.003036047850629909,0.005950544442574863
169,-447.41982309697494,0.008677574484507504,0.017007733462798432,0.04101233416656733,0.002543666810138158,0.004985495336540673
170,-447.41805782500205,0.008503429735320719,0.016666416026295573,0.03638980551532081,0.0027691445552772346,0.0054274235963285644
171,-447.40980596788575,0.008617649017343248,0.016890281705399753,0.03931768516039878,0.0024153795015013292,0.004734056831938915
172,-447.4178072417865,0.009530674884291584,0.018679779521571953,0.04556014479800217,0.0028611168371597013,0.0056076859563941655
173,-447.4411139249437,0.008557977618363926,0.016773327912493162,0.038982983172092985,0.002367020026870972,0.004639274003352136
174,-447.4047733804431,0.00865816046286222,0.016969682679578598,0.039536241995048835,0.0030875414696591164,0.006051470081305736
175,-447.4297858654361,0.008738394883077174,0.017126939253520358,0.04045880322075357,0.002650602982195132,0.005195086382416921
176,-447.4069598968204,0.00880383195064087,0.017255193549199115,0.03932395331232161,0.002685382817835419,0.005263253607660105
177,-447.41614676168535,0.008468999147046566,0.016598933313311706,0.039901520442075206,0.0027957813742935426,0.00547963080226324
178,-447.4174141684738,0.008792199722383232,0.017232394800754197,0.040565978342860375,0.002650981392635526,0.005195828053251467
179,-447.4403314591974,0.008900188442299636,0.01744404880252693,0.04381987327771869,0.006103574640358577,0.011962786472054825
180,-447.4281414524304,0.008832325171687647,0.017311039236254336,0.042632334691300726,0.0033056655850798975,0.006478985491690125
181,-447.41440630249036,0.008840888867096849,0.017327823770830943,0.03926819558166049,0.0023234301765819075,0.004553839466694077
182,-447.4152438094735,0.00883965101267536,0.01732539762074672,0.043879472213997336,0.002447019836350751,0.004796070748702569
183,-447.42320888001797,0.008984168017042986,0.017608645744460888,0.04374292425149044,0.002873641905291791,0.005632234638836971
184,-447.4137550050492,0.009120586465059758,0.01787602098940061,0.04059673168126446,0.002875162764827793,0.005635215468753079
185,-447.43912620267713,0.008267022830271966,0.016203067006703438,0.034638739715389236,0.002165486969236213,0.004244276468693773
186,-447.428368504404,0.008807917586667066,0.0172632012486644,0.04100788026832857,0.0028047874398684286,0.005497282366432423
187,-447.42719351149304,0.008586723084995902,0.016829667991810633,0.03945294650085872,0.0024959727799967126,0.004892016755185872
188,-447.4308693329036,0.008820969060945955,0.01728878166819617,0.04026211295337357,0.002969736835413517,0.005820577240972448
189,-447.43294253688657,0.008764631563345332,0.01717836220191984,0.044122290782457746,0.0035817737173937728,0.007020147486863941
190,-447.4243756809303,0.00933246378869266,0.018291292912861835,0.04118786031111955,0.0028432442614408776,0.005572656351674306
191,-447.41803289366305,0.008737670662460508,0.01712551980719483,0.042753024756507635,0.002646352418594539,0.005186755430845762
192,-447.4239057526993,0.008511560730361785,0.016682352483734536,0.0382693163474265,0.0027712046110948216,0.005431461231537178
193,-447.42107214564714,0.009263922140050207,0.01815695375008163,0.042099782536462266,0.0029847424206142863,0.005849987647532902
194,-447.42332486397555,0.008595877080925326,0.01684760949414693,0.03857550717080259,0.0024328904136018867,0.004768377588992454
195,-447.4161289631527,0.008136151415987194,0.015946563748099465,0.039047600588510326,0.002345380329259555,0.004596860975397422
196,-447.4044266652783,0.009679832067337728,0.018972122228377842,0.04713126801714067,0.00272372221023974,0.005338397435961724
197,-447.42363298281094,0.008820594844866084,0.01728804821815719,0.038654675905247474,0.002716697177149296,0.005324628624114251
198,-447.41266532545177,0.008403760377334153,0.016471067674279676,0.042250473851968055,0.0026660378259657424,0.00522533812031432
199,-447.4093963898081,0.008696149399944541,0.017044139628070904,0.03865981142670731,0.0024936299506040462,0.004887424893954324
200,-447.4164556638242,0.0078372968292872,0.015360819521552873,0.036341242831720244,0.0025988746668222165,0.005093700747305077
201,-447.4189546894362,0.008983740387387385,0.017607807605737186,0.040945881882620334,0.002390537481814915,0.004685367368050308
202,-447.397382605659,0.00822862093335237,0.01612780067180301,0.03841361034506447,0.0023709095931681514,0.004646897413210088
203,-447.42646032487914,0.008680841482928392,0.01701413666204092,0.036772623643880786,0.0024759432991090743,0.0048527596940170685
204,-447.402366255258,0.009105419305512823,0.017846293902940846,0.040565135250095634,0.0028245629628496504,0.005536041679251061
205,-447.4090659643131,0.008810330779683993,0.017267931020065318,0.04299834671179112,0.003020056278920989,0.00591920153796919
206,-447.4036319708982,0.008858820701039077,0.017362969519534466,0.04297989367969131,0.0030243377754182992,0.005927593116903853
207,-447.4242445907495,0.008399689877891612,0.016463089641973204,0.03857566200773213,0.0027145006769869443,0.005320323562904006
208,-447.43078828240186,0.008125303001682084,0.015925301246772078,0.03825846748504414,0.0021389377465222846,0.004192240948356941
209,-447.4261854887053,0.00871504148494025,0.01708116743425536,0.037224105837877344,0.0024566913209970727,0.004815026510286391
210,-447.40945741283997,0.008665489202241384,0.016984046744813835,0.03733352747227853,0.002041444474990783,0.004001157647420214
211,-447.4274267687408,0.008708077801760061,0.017067518866022445,0.04077582833831657,0.0027796528448055706,0.005448019465343222
212,-447.4105304640683,0.008267095391621803,0.01620320922433579,0.03841059119528325,0.0025007611454803728,0.0049014017790786615
213,-447.4091739473657,0.008182502329357385,0.016037409868955573,0.04030616381202385,0.002803654681048569,0.005495062199942328
214,-447.4149241783151,0.008574417441272394,0.016805549373305976,0.0378825394478574,0.002409268159510246,0.004722078821739185
215,-447.4183413979862,0.008275781282912564,0.01622023325843931,0.037615395451853856,0.002334145713602449,0.004574841533329344
216,-447.4051744149811,0.008748459173738064,0.017146664900745644,0.04379678409746011,0.0025672350590288037,0.005031688255545015
217,-447.40830522884505,0.008620903433361258,0.016896660243585764,0.04058329785873652,0.0037252562173674952,0.0073013680192242055
218,-447.41632658410833,0.008172336026993228,0.016017484282465883,0.03644626101081848,0.002490384529503843,0.00488106398548326
219,-447.39403776429145,0.00950361309270113,0.018626739384697534,0.04129584276672195,0.0026120828340779655,0.005119588279428126
220,-447.4129797994488,0.008401517062814175,0.016466670858614522,0.03644819989312979,0.0024956527661214862,0.004891389539515876
221,-447.3941888259438,0.008399478869295896,0.016462676072725172,0.04200605654674967,0.003013931171551031,0.0059071965481226315
222,-447.40254033460565,0.009095587066921203,0.017827023069413864,0.044517819010847795,0.0028595046407681826,0.005604526109530783
223,-447.3945145422674,0.008681292323218156,0.01701502029277164,0.037908646696222056,0.0032121074283568505,0.006295614874052999
224,-447.41585981707664,0.008229149496332364,0.016128836636207358,0.03935275830032502,0.0023706476601334206,0.004646384033895655
225,-447.4065849116248,0.008396384127868679,0.016456610490986363,0.03792787445162705,0.0023273093797866557,0.004561442565264096
226,-447.41178478164034,0.009131818936312304,0.017898036228512982,0.04047038487609053,0.0027405818971021657,0.005371441815002701
227,-447.4278448161233,0.007997307352597368,0.01567443438438821,0.03419147221929826,0.0021777049455771677,0.004268223262286007
228,-447.4130565252051,0.008484935011622109,0.016630167033942277,0.03849567426850441,0.0022732613016209933,0.004455510278625792
229,-447.41162834204135,0.009616555938088484,0.018848103293968223,0.04020154301706198,0.0026658470322702145,0.005224964171542608
230,-447.43697413421864,0.008071324197603466,0.015819504734849443,0.03956619865279448,0.002755320243371617,0.005400328442882506
231,-447.42763387976885,0.008807297597665522,0.01726198609255056,0.04155412701958268,0.0033239333253647653,0.0065147896047273975
232,-447.4143541294211,0.008697142736183409,0.017046086531323622,0.042220533245665215,0.003055673526388771,0.005989010060234494
233,-447.41777315594175,0.008497713753279628,0.016655212907358757,0.038059592320645784,0.002436906985741318,0.004776249925727046
234,-447.4243809103067,0.00814511599163719,0.01596413399351014,0.03815740171117997,0.00249520229761395,0.004890506637464935
235,-447.43148999900404,0.008042132183381918,0.015762289438339027,0.03636422250980349,0.0027207325777104806,0.0053325378638773655
236,-447.4240405788957,0.00869805307655569,0.017047870765666964,0.03716785085871029,0.002460022599876967,0.0048215556969134436
237,-447.4220100761428,0.00872086637057137,0.017092584000306422,0.0390273180657711,0.0025562770768040297,0.0050102110050412275
238,-447.42027191244625,0.008881736783877643,0.01740788421656479,0.038980403025393816,0.002467186497947954,0.004835596679121494
239,-447.4281235979348,0.008222464710914625,0.01611573469754421,0.03630666779569132,0.0023493624120824704,0.004604665714313791
240,-447.4351760868202,0.008394660675729543,0.01645323258686458,0.039614214756840835,0.002649381333627753,0.005192691995223093
241,-447.4030562225214,0.008893300538060903,0.017430548758290053,0.0397259335027271,0.0023897082644081325,0.004683742131797661
242,-447.4170033546725,0.00820483764228691,0.016081186277880875,0.03808835424338411,0.0023551798592700186,0.00461606770128335
243,-447.4296777971109,0.00878808620794183,0.01722433246059916,0.03822775211366018,0.0024913695993620316,0.004882994686927566
244,-447.4116372366109,0.008625816681548649,0.016906290033080158,0.04074553499267099,0.0029064201610083684,0.005696478839517507
245,-447.4303779435845,0.008907934995894696,0.017459231768577558,0.03962126494830229,0.002554191417271898,0.005006123187474237
246,-447.4247223548065,0.00851477837738897,0.01668865895602278,0.040815602710626835,0.002604630086373909,0.005104981162342312
247,-447.41628157971024,0.007929972246601134,0.015542460001740402,0.03259475520748982,0.0022413662783467548,0.004392997181722217
248,-447.41848977106815,0.009171233715955851,0.017975287777072916,0.04173690967915253,0.0025907683506942412,0.005077812659646949
249,-447.4128005817213,0.00851595638144108,0.01669096780153856,0.03989585097655582,0.0027028415914124217,0.005297472175085271
250,-447.4148323409965,0.00847165287386335,0.01660413452229741,0.037254942619489556,0.002460628017454206,0.0048227422935604395
251,-447.3941633405426,0.007901385422702977,0.015486430856467627,0.03797887204292749,0.0024085092702201493,0.004720591426062341
252,-447.4147348236769,0.008179295380623276,0.016031124364936453,0.039897853872631624,0.0027514152390854694,0.005392674775122182
253,-447.39404195529147,0.008842872904473973,0.01733171241263409,0.04107632280824775,0.002866694904866321,0.005618618768202466
254,-447.40074446113977,0.009159892590357722,0.017953059579356438,0.044014293814282165,0.0029929419605084885,0.005866058450415338
255,-447.4037230121897,0.009301337138531573,0.018230285799586726,0.04185013847124001,0.0027358825578264667,0.005362231279271197
256,-447.39379468567427,0.0077938501444619335,0.015275665584047688,0.03541957144680481,0.0021952192624602267,0.004302550692590625
257,-447.40486251836364,0.0083862347101878,0.016436717997867785,0.033914250822967215,0.0023843451520736535,0.004673230624777039
258,-447.39209137352253,0.008472509235023185,0.016605812959328448,0.03817726297385471,0.002386748587339901,0.004677941271338058
259,-447.4094132425056,0.008329496583460267,0.016325513312931552,0.04129797281467287,0.0027205981900438143,0.005332274468890733
260,-447.4199122849777,0.00903071717219942,0.017699880412078265,0.03851312747570616,0.002445636015515661,0.004793358509704736
261,-447.4059512893475,0.00818682866114543,0.016045889323445313,0.03663602337586101,0.0024626169328378572,0.004826640496080693
262,-447.4079035703987,0.008651667265387493,0.016956956246383624,0.04241068792227962,0.0028600022651591476,0.0056055014354149035
263,-447.414494054536,0.007851430817298794,0.015388521629013517,0.033355162333512066,0.002263504364082988,0.0044363870324518944
264,-447.3978650209227,0.008455124972218408,0.016571740430333305,0.03917336952276522,0.0025802945404443368,0.00505728436877623
265,-447.40523787671947,0.008667264552416317,0.016987526367216652,0.0391007290364719,0.0027055262546475545,0.00530273401833675
266,-447.4087895401515,0.008457087871012249,0.01657558764127453,0.03537522982513769,0.002212184300537472,0.004335801556218376
267,-447.40032539673814,0.008790679563879713,0.017229415344836508,0.03804336765850552,0.0025156829824960346,0.004930648042212535
268,-447.40640508051547,0.008245755530699108,0.016161383865492214,0.039212315499160946,0.002329818537661622,0.004566360424330554
269,-447.40469639581903,0.008537600674074886,0.016733389835571665,0.03840453696397615,0.00267246272601757,0.005237930693020171
270,-447.4013953768791,0.008138490190953864,0.01595114766280208,0.037948356525385904,0.002153186721484796,0.004220168426100076
271,-447.4098534735258,0.009323924488625648,0.01827455619227731,0.04446750433867966,0.003316357460329978,0.006499941182107478
272,-447.4019946363849,0.008601257781191488,0.016858155472880214,0.03821972886344176,0.00277948518079039,0.005447690849911965
273,-447.39547139089007,0.00861304773711527,0.016881263361870142,0.03630014631525812,0.0021963310635215805,0.004304729782628852
274,-447.42450610232106,0.008125350073730298,0.015925393506291255,0.03708634715612564,0.003041862463136601,0.0059619408736720355
275,-447.4118264196133,0.008386221114449326,0.016436691350710034,0.03836865214093191,0.002635075000380107,0.005164652097306879
276,-447.4102975915636,0.008662634259527912,0.01697845115991751,0.04195832171388983,0.003065822510301757,0.006008901703183623
277,-447.4123332421526,0.009386175689487705,0.01839656630396131,0.044430739926932875,0.003272481426534571,0.006413945736084017
278,-447.41853611666807,0.008387710247467558,0.01643960999779396,0.03851825881888656,0.0027475006087105867,0.005385002240574625
279,-447.4154680583439,0.0077566105573035156,0.015202677334418048,0.038410980136159914,0.0025456312529791524,0.00498934557375871
280,-447.4155487956926,0.008290241522004515,0.01624857480626737,0.04137330437138992,0.002747456458721941,0.005384915708186963
281,-447.4091094766435,0.008413245708501034,0.016489658581748196,0.037281543054306684,0.0023801118755666,0.004664933555286615
282,-447.4147154090697,0.007510193842162731,0.014719709447553445,0.0349711641744522,0.002291152583958765,0.004490576547645062
283,-447.4139948748526,0.008058401607687374,0.015794176924026924,0.03689727412220612,0.002498561531910472,0.004897090615701751
284,-447.40482254702124,0.009324629651037905,0.018275938285208588,0.042716828195936966,0.003200797037286517,0.006273446914904082
285,-447.4005217374959,0.008163751708733256,0.01600065932784451,0.03716536540357031,0.002409713539980451,0.004722951751420203
286,-447.4036795804002,0.009203939674149474,0.01803939027721229,0.04026613573583552,0.0026855650979464353,0.005263610870112795
287,-447.4054913680154,0.008439000735029076,0.016540137506164034,0.03917993578503835,0.002462325219315937,0.004826068748083927
288,-447.39867161825885,0.008586441665345968,0.01682911641943222,0.03844846323444618,0.0023047800221705,0.004517285835741607
289,-447.3972886051992,0.008623658439929701,0.016902059957237085,0.03867037710739865,0.002354142319471181,0.004614034160645101
290,-447.3947637935678,0.009439399493057714,0.018500883042078763,0.04667144971754206,0.003287227527697465,0.006442847563275674
291,-447.3947178809829,0.008661920377296012,0.01697705197645378,0.03921210207528491,0.00257095497511951,0.005038979157108311
292,-447.3976232817146,0.008267282370913938,0.016203575697014225,0.03994801307355923,0.002520164285578157,0.004939431234857304
293,-447.4188051547179,0.008521509926937966,0.01670185255069896,0.040189862533769244,0.0026439184098072904,0.0051819848612847
294,-447.3868099983488,0.007889043735735202,0.01546224159450232,0.03396036287594541,0.0018603593233351258,0.0036462372720401518
295,-447.39872066473663,0.007887055326629418,0.015458344384268453,0.036428730934768415,0.0023030649885936562,0.004513924431698717
296,-447.3956442109814,0.008073727278299884,0.015824214686466366,0.038324560168511795,0.002477570821789833,0.004855949579855377
297,-447.40547664233816,0.00871386472402581,0.017078861025244644,0.0412283929484413,0.00258999874416509,0.005076304258567545
298,-447.39697294382694,0.008395975310206407,0.016455809223092067,0.03714183405582625,0.002092621184147275,0.004101462154214219
299,-447.38805852821525,0.008738067832118515,0.017126298245420276,0.04019774607263976,0.0024443614392416248,0.004790860386112076
300,-447.4058099303481,0.008405151967607726,0.016473795141097113,0.03558896444681724,0.002474488842834453,0.004849909012101722
301,-447.40982857317135,0.008267231794211379,0.016203476568498753,0.0395892290219257,0.002594010338762258,0.005084166839498571
302,-447.4086203603336,0.009211304086285442,0.018053824259766097,0.04121985757580077,0.0027092764458866154,0.005310084258100447
303,-447.41072738404955,0.008445652086162523,0.01655317391483412,0.036862226414273114,0.002488928424024657,0.004878210071186364
304,-447.4081479035452,0.009470763122013047,0.018562354625255694,0.04863776034387724,0.0037827872535606,0.007414126778155962
305,-447.406565624731,0.008272699284429383,0.016214192652411866,0.037467142417040786,0.0021686594398831246,0.004250494396903731
306,-447.3980355002002,0.008402592456712082,0.016468778591923614,0.03696103266653891,0.002563009992909027,0.005023407278117952
307,-447.40109409107504,0.008119735859637763,0.01591438984886839,0.03386281598500762,0.002456936632867465,0.00481550731271734
308,-447.40505376941445,0.009192622730432363,0.018017209475111685,0.041310810456486324,0.0026276897293218107,0.005150177232016552
309,-447.4073979193953,0.00892554905572798,0.017493754691472328,0.038719445417732035,0.0025620352137909123,0.0050214967461535654
310,-447.41821594281294,0.00872258761551797,0.01709595757841033,0.04230602237081231,0.0029897774835211887,0.0058598561894903246
311,-447.425654680365,0.008882031317131537,0.01740846149113467,0.040110932099459595,0.0031264075614983455,0.006127646221530452
312,-447.41726745342356,0.008415136928776958,0.01649336530537584,0.04041595303843584,0.0027775686425153857,0.005443934503917965
313,-447.39876694388306,0.009031979374728062,0.017702354283575597,0.04085498383861874,0.0025773584748783906,0.005051529786010727
314,-447.4086454897729,0.008623738442513797,0.016902216759420583,0.04102330534039422,0.003080441554143809,0.006037554502602457
315,-447.4234844284524,0.008649878914655315,0.016953451143356828,0.0362234904303631,0.0027690627635207597,0.005427263287431642
316,-447.42511334063784,0.008955251806378316,0.01755197101298876,0.04170227929422714,0.0026192347344964153,0.005133605746669305
317,-447.41591629653635,0.008498817784983268,0.016657376769735683,0.04186335156381348,0.0029762647753144335,0.005833371768071486
318,-447.4178696897261,0.008041381015547869,0.015760817176437947,0.03876351330267065,0.0025333882579464547,0.004965349744431719
319,-447.41955642761764,0.008220147687405612,0.016111193414915213,0.03946855298036603,0.0026923006152280416,0.005276812241401991
320,-447.41612754588607,0.008582270531107434,0.01682094114655001,0.03702845894127073,0.0020746109361284367,0.004066162716744663
321,-447.4116425744676,0.007990467448549306,0.015661028418796297,0.03529349002306822,0.0020540822240249206,0.0040259271803727795
322,-447.4158206211267,0.008136647242196435,0.015947535549612167,0.03426469940837658,0.0020781698416277375,0.004073138043347673
323,-447.41104406590995,0.008574579263321551,0.016805866538694227,0.03479288247709764,0.0020912103490757757,0.004098696968285955
324,-447.40780808332954,0.008003908612894394,0.015687372616822952,0.03791940588816225,0.002181818355192576,0.004276285396985868
325,-447.4238404614072,0.008770735507759198,0.01719032571313465,0.03725164299183743,0.002080716456473478,0.00407812931672782
326,-447.426501466112,0.008502711287930533,0.01666500789528602,0.03794763094365974,0.0027151582955041954,0.005321612471513385
327,-447.41003944514375,0.008957992171599694,0.017557342030127147,0.04053095185301654,0.0028399241464252454,0.005566149045819136
328,-447.4142421175277,0.008305534685273034,0.01627854885548336,0.03452158916241249,0.002163895463512784,0.004241157174794664
329,-447.41042101657615,0.008484038837117515,0.01662841056418941,0.03999468923696303,0.002797786567822853,0.005483560909362721
330,-447.4274815229827,0.008588244713618905,0.016832650329109564,0.037656202466629596,0.00245970999142803,0.004820942995612264
331,-447.4026430981919,0.00865070199629339,0.016955064353723792,0.03999595360622549,0.0029453922544953872,0.005772862739154192
332,-447.4285199967787,0.007941653625044674,0.015565355082779524,0.03708598082117069,0.002508192696622231,0.004915967351665971
333,-447.4283529604727,0.008775549936856244,0.017199761820770983,0.04025252668249148,0.0026912893777464716,0.005274830252358297
334,-447.42186196670656,0.008702238945539061,0.017056074918118377,0.04277926399832431,0.002732490135410157,0.005355582253514883
335,-447.4255182880389,0.007987691483630932,0.015655587627533937,0.03714340960092792,0.0026293923047097816,0.00515351421845794
336,-447.4275467673088,0.00871483617527247,0.017080765034700837,0.03919898317390562,0.0026720437786744667,0.0052371095713162705
337,-447.42789430840435,0.008517399162937176,0.01669379560130847,0.03699902537968955,0.00267562268694656,0.005244124102633545
338,-447.42708377815626,0.00783857419593915,0.015363323114185746,0.036618990623759826,0.0026500511301941424,0.005194004772370185
339,-447.42196977603874,0.008289274703560438,0.01624667987693739,0.03795924407117505,0.0022306748470469692,0.004372042361431454
340,-447.4262464466575,0.008034109984389477,0.01574656621723703,0.03533386160473801,0.0025175937818707928,0.0049343931401687425
341,-447.4405183431438,0.00840877476454399,0.01648089569261549,0.038406382231104874,0.0024701450294301592,0.004841395294273744
342,-447.42849491654925,0.008229832216968687,0.016130174744066056,0.04101943104908092,0.002483213165116266,0.004867008369563596
343,-447.4320402880927,0.0088720418471947,0.017388882489833828,0.039662381953321266,0.0026310331167436318,0.005156730150949686
344,-447.4471991025102,0.008106805172139856,0.01588904616707715,0.03898737715527016,0.002837944329119401,0.005562268675203711
345,-447.4398187754702,0.008149037350172889,0.015971819715010577,0.040929207074407635,0.0023989317787084293,0.0047018198876371325
346,-447.43607643245144,0.008920910690826433,0.01748466366331814,0.03961592243275382,0.002785903107431042,0.005460269754983063
347,-447.443259214117,0.008682058307667058,0.017016521594704206,0.03869189753304518,0.002499207874604825,0.004898357424104352
348,-447.4292741436208,0.00843712178236642,0.016536454826616573,0.03724914452234471,0.0027979005755406103,0.005483784360383485
349,-447.4349373564337,0.008232848146764825,0.016136085857846386,0.03673908506256947,0.002311364171090245,0.004530190530493156
350,-447.42443267897556,0.008353100683365665,0.016371776498633618,0.0391572844966185,0.0029399459377512606,0.005762188154487306
351,-447.42460278597446,0.008694947022325468,0.017041783011241703,0.0403400314300606,0.0027317919381813767,0.005354213812092368
352,-447.41453330635557,0.009055427332055402,0.017748311435448215,0.04196859196368713,0.002660166151006336,0.005213829848864958
353,-447.4372656029894,0.0076835025151874604,0.015059388204890342,0.03461729347971969,0.0020418183447494403,0.004001890418682091
354,-447.4138664830791,0.008648812932333341,0.016951361856397604,0.038302717699915535,0.002674111991283412,0.0052411631935421745
355,-447.43535716259225,0.008318342025520946,0.01630365078110702,0.038270646910368106,0.0024214112739057224,0.004745878888614468
356,-447.42806061469184,0.008531110584295112,0.016720669493346878,0.036536732226310306,0.002224915628291034,0.004360754500090732
357,-447.4255944006455,0.008333898001823633,0.01633413993440464,0.03740523088233211,0.0022934882755708775,0.004495154419083795
358,-447.43513954746845,0.00856594776344065,0.0167889491097951,0.04201739183691654,0.003445296085937525,0.006752656244514364
359,-447.42615952855783,0.008057498726810906,0.015792407310026717,0.03303421801212973,0.002093810396280379,0.004103792967165081
360,-447.42934030517006,0.009104495755137868,0.017844483777468025,0.04479166623711785,0.0032057008832201373,0.006283058276319711
361,-447.42205544379567,0.007958409568740311,0.015598196128949953,0.03867403656860448,0.00277561773697253,0.005440110799316728
362,-447.4246498527409,0.008371194471865673,0.01640723967243752,0.03670341794194335,0.002128231337125354,0.004171256771535216
363,-447.4207284244006,0.00815841372427245,0.015990197070551295,0.03799547861492416,0.002561644379335925,0.005020730724697874
364,-447.4232501379702,0.008570651470256983,0.016798168205748948,0.03927213649941418,0.0028200620085046635,0.005527219970838828
365,-447.4150946644457,0.008514863508444253,0.016688825809825104,0.03883622614678679,0.0028459332393700534,0.005577926651570714
366,-447.4172561024616,0.008425084291393414,0.016512861777845254,0.0356539216786807,0.0021658216358327142,0.004244932403169745
367,-447.4195718616065,0.007913116204326944,0.015509422765961105,0.03777155236061629,0.002602758297389609,0.005101312523346425
368,-447.4071545206642,0.008689547876264634,0.017031200879415197,0.04200142275950128,0.0027942752419470966,0.005476678837108255
369,-447.410815388418,0.008734950953655734,0.017120189275889038,0.03838960726879359,0.0024561487165298945,0.004813963025072872
370,-447.4209940440285,0.008634166744898083,0.016922655856513674,0.03850774317477243,0.002754327615294305,0.005398382927600931
371,-447.4076828166971,0.009181916886374212,0.017996226406333606,0.042502313653416154,0.002462986261534971,0.004827364367025494
372,-447.40972924192994,0.008985843101892417,0.01761192885043682,0.03906176154044112,0.002442416557576452,0.0047870484880941444
373,-447.4121267598882,0.008170527193517406,0.01601393903399924,0.03648589754843623,0.0022127781670335397,0.004336965513162294
374,-447.4079345981186,0.008032560955987478,0.01574353017735808,0.03764059376113728,0.0024151865711268755,0.004733678695353461
375,-447.4208116398784,0.008308503531651143,0.016284367687460086,0.03691801817118545,0.0023504875596727375,0.004606870963068006
376,-447.4192367812876,0.008503040992930129,0.016665654105210752,0.03923526402541435,0.0027824353827055333,0.005453473139412767
377,-447.41311613958413,0.008104877068903994,0.015885267154176385,0.0362526823042862,0.0025263043526021103,0.0049514655450869135
378,-447.41781714873497,0.00821034282831745,0.016091976244228926,0.0393174181273872,0.0022909096774273744,0.0044901004595919265
379,-447.4172928870229,0.008855460269712727,0.0173563831951623,0.03690046390179965,0.0024846543977472503,0.004869833133613669
380,-447.40175745268385,0.00823477001876187,0.016139852657743488,0.03844767293206541,0.0026682258845225704,0.005229626636281767
381,-447.41090475747114,0.008242502155312581,0.01615500736690643,0.03565516676263163,0.0021630714668535852,0.004239542171019252
382,-447.41627996201896,0.00906553490585797,0.01776812191607233,0.03954563861235977,0.0028303373273759562,0.005547359225756226
383,-447.41090398201686,0.008576285076852373,0.01680920987177898,0.039543160922103485,0.002493756975638167,0.004887673858446336
384,-447.43095413301415,0.009017063887521706,0.017673120465839274,0.041210620085629875,0.002631426948388946,0.005157502046790474
385,-447.4354679203019,0.008859354844246721,0.017364016420984032,0.04122251384805069,0.0028195352967413283,0.005526187634752457
386,-447.4183282611186,0.008684787166862797,0.017021870060446736,0.036738981328043485,0.002255163875410146,0.00442003997503966
387,-447.42033865411685,0.008679128705816498,0.017010779680588065,0.03809977694303715,0.0024604718750366097,0.0048224362600454915
388,-447.4392427791506,0.008312973058799744,0.016293127799699266,0.036878767703117155,0.0023489342196464625,0.004603826472560763
389,-447.44079191076594,0.008675314323792756,0.017003303629198257,0.03897426271656326,0.0026589029727760523,0.005211354065027546
390,-447.41190279368027,0.00838941924090171,0.01644295956337471,0.036418563220246974,0.002586538271049838,0.005069521855892183
391,-447.43267158003755,0.008532433136438925,0.016723261647916425,0.03968528079773647,0.0024556646517117624,0.00481301427546315
392,-447.42401346047063,0.008846912392243863,0.017339629663179063,0.04118078682824809,0.003325723678456535,0.006518298632306876
393,-447.42988283215897,0.008716438779771284,0.017083906081799972,0.03764008283399943,0.0028012344515770857,0.005490318637343898
394,-447.4263542977452,0.008701380285100788,0.017054391974584412,0.03976301643869587,0.0025091994551388825,0.0049179405620997365
395,-447.4357298868858,0.008173824846727224,0.01602040231552399,0.036781294845345286,0.0021967615877524368,0.004305573594615802
396,-447.41647187031856,0.008251491847480396,0.01617262683978745,0.036586709734700046,0.002342429122234577,0.004591076715917543
397,-447.4396928505336,0.008603167379037283,0.016861898215882926,0.03704354257237569,0.002670313914248716,0.005233719099343661
398,-447.41739199756404,0.008125540188459315,0.01592576612431306,0.03802943734029059,0.0027327384431739153,0.005356068927788931
399,-447.42938690817715,0.008211429137415089,0.016094105370936376,0.03425640249078125,0.002206944552752647,0.004325531839272045
